1433
3306
5432
6379
27017
902
7001
80
81
8080
8081
9200
9300
389
1521
11211
22
22345
3389
443
4443
8443
4430
7071
9443
83
84
8444
1723
5989
3443
3690
465
111
23
25
445
143
21
5900
110
8000
8001
8002
8003
8004
8005
8006
8007
8008
8009
8011
8069
8082
8083
8084
8085
8086
8087
8088
8089
8090
8091
1099
1000
10000
10050
10051
1025
10443
1080
8100
113
1158
1604
1194
123
135
1352
31999
8010
1500
1900
2000
2049
2082
2083
2181
2182
2183
2184
2185
2186
2187
2188
2189
2222
22222
2375
2601
2602
2603
2604
2605
2606
2607
2608
2609
264
27018
28018
3000
3128
3260
3299
3311
3312
4000
4433
444
4440
44818
47808
4848
4899
500
5000
50000
50030
50031
50032
50033
50034
50035
50036
50080
51111
512
513
53
548
5530
554
5555
5672
5858
587
593
5984
6000
6082
61616
636
6800
7000
7002
7003
7004
7005
7778
79
8161
8222
8333
8181
8182
82
8291
85
8500
8554
86
8649
87
873
88
8800
8834
888
8888
89
8983
90
9000
9001
9002
9003
9007
9008
9020
9021
9022
9023
9024
9025
9026
9027
9028
9029
9080
9090
9099
91
9100
9160
993
995
9990
9999